  -0.977018238855557   0.199282704512186  -0.025751211570824  -0.070711222077473  -0.007652633588433
  -0.201614202892572  -0.754314857842963   0.300730523274533   0.546513065079351   0.035290657374756
  -0.056568541355304  -0.445132978228240  -0.880578281421228  -0.148464509625488  -0.034594963412171
  -0.016365467712144  -0.214810365342178   0.204779208615389  -0.358053217040200  -0.885128266351347
  -0.036321422481419  -0.383417054334933   0.302564693052165  -0.738971972349906   0.462652296345310
  240.879748098348           0                        0                  0
  	0          35.8433375814781                   0                  0
        0                    0           14.781189091341                 0
        0                    0                         0         3.96466343370934
        0                    0                         0                 0
 -0.990620877104020   0.124518845542521   0.037413730244670   0.042018421431553
 -0.118347322026391  -0.717871990222549  -0.683929696319190  -0.053794865143800
 -0.059811021449804  -0.303431823316030   0.396816601157697  -0.864227027671487
 -0.032967118891036  -0.614071650019592   0.611045798878916   0.498449806286117